Enter tasks count: 10
1: Enter count rows, cols_rows and cols to matrixs: 10 10 10
2: Enter count rows, cols_rows and cols to matrixs: 1000 1000 1000
3: Enter count rows, cols_rows and cols to matrixs: 10 10 10
4: Enter count rows, cols_rows and cols to matrixs: 1000 1000 1000
5: Enter count rows, cols_rows and cols to matrixs: 10 10 10
6: Enter count rows, cols_rows and cols to matrixs: 1000 1000 1000
7: Enter count rows, cols_rows and cols to matrixs: 10 10 10
8: Enter count rows, cols_rows and cols to matrixs: 1000 1000 1000
9: Enter count rows, cols_rows and cols to matrixs: 10 10 10
10: Enter count rows, cols_rows and cols to matrixs: 1000 1000 1000
ROOT set data to rank 3 TASK 0
ROOT set data to rank 2 TASK 1
ROOT get result from rank 3 TASK 0
ROOT set data to rank 3 TASK 2
ROOT set data to rank 1 TASK 3
ROOT get result from rank 2 TASK 1
ROOT get result from rank 3 TASK 2
ROOT set data to rank 3 TASK 4
ROOT get result from rank 1 TASK 3
ROOT get result from rank 3 TASK 4
ROOT set data to rank 3 TASK 5
ROOT set data to rank 1 TASK 6
ROOT set data to rank 2 TASK 7
ROOT get result from rank 1 TASK 6
ROOT set data to rank 1 TASK 8
ROOT get result from rank 3 TASK 5
ROOT get result from rank 2 TASK 7
ROOT get result from rank 1 TASK 8
ROOT set data to rank 1 TASK 9
ROOT inform rank 3 about end
ROOT inform rank 2 about end
ROOT get result from rank 1 TASK 9
ROOT inform rank 1 about end
ROOT end
Results:
result 1:
151 106 145 131 182 140 142 166 176 66
195 163 200 174 225 208 202 254 257 110
161 151 130 104 187 110 176 168 213 98
271 254 279 169 316 216 315 291 352 189
133 155 121 158 190 141 160 173 174 113
155 175 117 142 201 109 150 155 212 96
133 196 195 140 204 145 218 205 218 121
227 207 178 134 239 152 212 197 254 147
208 192 205 177 274 216 243 266 275 163
161 174 236 189 215 156 296 258 236 98

result 2:
Size: 1000 x 1000
20599 20023 19785 20152 19876 20140 19390 20269 19628 20479 ...
20138 20080 19686 20068 19730 19707 19633 20294 19772 20465 ...
20005 20013 19609 19693 19304 20136 19242 20397 19715 20398 ...
20653 20524 20002 19632 19527 19768 20095 20590 19417 20428 ...
20494 20666 19902 20623 20109 20082 20466 20951 19958 21151 ...
20630 20639 20613 20767 20312 20541 20528 20467 20248 21093 ...
19942 20050 19933 19664 19710 20003 20348 20323 20000 20978 ...
21129 21490 21010 21186 21085 20935 20413 21031 20482 21340 ...
20251 20221 19937 20220 20236 19926 19937 20383 19809 20628 ...
20687 20258 19765 20059 20188 20150 20392 20593 19577 21280 ...
...

result 3:
204 132 184 234 124 170 181 263 200 174
348 149 208 317 286 238 202 325 234 210
172 70 113 187 152 127 124 186 101 98
167 94 125 192 154 146 151 193 137 98
185 98 145 221 164 196 170 216 220 149
263 166 192 243 190 186 199 271 239 136
174 115 179 230 138 187 176 255 225 108
289 100 172 238 191 125 127 270 179 112
216 62 162 259 199 219 158 262 208 204
198 154 170 220 158 161 169 251 195 92

result 4:
Size: 1000 x 1000
21289 20184 20459 20877 19837 20158 19591 21536 20501 20742 ...
20547 20166 19599 20229 19866 19687 19388 21219 20148 20395 ...
20624 20233 19828 20612 19450 19482 19533 20733 19834 20300 ...
20920 20381 19545 20571 19829 19074 19583 20930 19967 20294 ...
20914 20231 19771 20586 20019 19492 19904 20962 19976 20584 ...
20764 20639 20201 20823 20253 20221 19787 21129 20392 20763 ...
21342 20690 20311 20153 20196 20266 20275 21257 20685 21116 ...
20802 20435 20091 20639 20143 19608 19557 21202 19651 20552 ...
20610 20210 19520 20092 19350 18520 19964 20433 19658 20542 ...
21672 20610 20264 21043 20226 19838 19893 21394 20286 21370 ...
...

result 5:
298 253 248 199 188 140 160 139 217 223
208 285 170 124 180 114 187 174 175 216
246 287 301 201 214 152 223 167 225 282
281 224 217 135 163 121 210 174 188 218
264 264 258 252 268 144 156 171 299 319
203 157 146 85 71 85 150 103 118 102
227 209 220 140 175 115 158 145 156 216
176 220 233 120 171 87 146 174 174 219
216 292 227 205 263 119 145 205 236 270
247 264 227 198 242 136 163 183 229 258

result 6:
Size: 1000 x 1000
19982 19695 19995 19568 19254 20388 19717 19747 18691 19959 ...
21272 20556 21109 20617 19602 20826 20621 20772 19741 20411 ...
20272 20080 20866 19620 19663 20192 19906 20788 19288 19453 ...
20396 20135 20176 19874 19052 20331 20784 20045 18929 20440 ...
20086 20402 20310 19422 18529 20309 20076 20030 18835 19748 ...
20172 19560 20324 19107 18873 19881 19812 20052 18955 19864 ...
21082 20521 21090 19840 19898 20546 20578 20667 19796 21244 ...
20773 20287 20152 19270 19635 19730 19632 19746 18550 20320 ...
20118 20047 20037 19113 18831 19196 19707 19256 18373 19557 ...
19906 19106 19111 18801 18227 19006 19166 19600 18185 19453 ...
...

result 7:
146 187 223 218 225 198 247 301 175 322
83 108 166 116 129 117 134 183 121 200
134 207 310 212 241 313 285 349 214 319
74 105 113 99 90 108 119 117 70 122
220 272 375 228 234 255 314 355 246 293
121 176 265 160 208 209 211 317 179 215
121 131 235 150 179 135 216 274 179 233
78 95 134 136 166 179 144 236 108 182
130 154 249 107 140 183 197 219 159 181
175 221 323 200 195 298 300 292 177 242

result 8:
Size: 1000 x 1000
20590 19805 19831 19657 20173 19570 19883 20998 21222 19663 ...
20654 20423 20500 20877 21003 20420 20411 21289 21287 20524 ...
20351 20220 20654 20163 20827 19971 19310 20438 21229 20183 ...
20940 19890 20148 20594 20212 20233 19783 21038 20525 20308 ...
20118 19879 20047 19743 19864 19567 19355 19666 20565 19317 ...
20727 20175 20349 20880 20357 20230 20186 20739 21505 20707 ...
19825 20632 20059 20792 20034 19772 20194 20433 20496 20184 ...
20260 19600 19825 19869 20073 19599 19525 19835 20659 19140 ...
21071 20264 20397 20129 20524 20097 19964 21343 20971 20746 ...
20897 20579 20765 20530 20885 20415 20174 21380 21015 20475 ...
...

result 9:
223 169 255 180 337 261 372 230 246 221
211 235 180 202 253 192 253 210 195 214
173 215 189 108 283 262 248 147 179 182
208 280 275 175 345 273 336 270 195 218
137 128 176 136 201 105 238 197 123 136
219 167 213 196 236 170 259 214 202 210
242 266 226 205 292 283 320 257 265 225
175 216 207 144 274 197 262 221 148 143
124 108 190 100 255 184 252 158 127 157
169 158 177 129 276 188 218 133 122 171

result 10:
Size: 1000 x 1000
18978 20137 19707 18578 19800 20411 19695 19888 19325 19616 ...
19262 20219 20564 19846 19619 20006 19900 20145 19560 20267 ...
19239 19742 20464 19540 19729 19732 20121 19890 19439 19960 ...
18905 19962 20136 18972 19195 20129 19839 19597 19111 19667 ...
19351 20355 20706 19450 19589 20415 19982 19979 19829 19838 ...
19660 21147 20895 20521 20374 20727 20818 20755 20251 20980 ...
19360 19929 20618 19623 20171 20709 20240 19625 19608 20117 ...
19407 19909 19871 19033 19619 19724 19645 19539 18905 19594 ...
20013 20853 21340 19688 19805 20796 20652 20102 19901 19973 ...
19736 21084 20781 20016 20876 20521 20874 20186 20242 20604 ...
...
